5794755111
5806582063
5806777746
5815888178
5815942686
5816016578
5817524771
5826958168
5840600275
5846313671
5930111350
5935336259
5939537222
5946473443
5946559601
5946631635
5949746550
5958834643
5958911182
5968419796
5995074788
6005280461
6005449438
6010236302
6013143500
6013190329
6014647006
6024353840
6027125354
6029192907
6066192587
6069376821
6069932587
6070682293
6070754852
6070834296
6171708255
6171836663
6174063454
6174122178
6177321974
6181409435
6185502395
6185860464
6186985201
6187215950
6188500217
6188563559
6188689630
6193053051
6195696160
6197266781
6197449988
6197670407
6202417069
6204007066
6204056630
6250314847
6252263993
6255632504
6260582317
6262508718
6264351819
6268967306
6272224060
6274178746
6274406961
6291124688
6294401784
6296033616
6301799290
6321319614
6365823926
6378314101
6429229690
6429308519
6429673346