5794819930
5806673740
5817395656
5817636213
5827090030
5840494275
5846432218
5933431385
5949842455
5968473396
5968535535
5970111896
5970211087
5979918241
5980002670
5995003998
6005193884
6005551371
6010182120
6011758353
6011821012
6011895369
6011967527
6014698434
6016871141
6016990971
6019971220
6020023356
6024286440
6027201400
6027266972
6028979796
6029054952
6066239914
6067999061
6068152791
6068281552
6069211714
6069286522
6069800942
6170234817
6170296972
6172869551
6172939997
6174065640
6177244615
6180344347
6180439742
6181346372
6181469770
6181546003
6182673259
6182723256
6182813481
6182921614
6183930467
6183990499
6184076704
6185572579
6187074959
6187149188
6188619424
6193146221
6195784003
6195844329
6197338640
6197570250
6198734628
6198780936
6201276964
6202465821
6203933067
6248556303
6248642472
6250393455
6252366164
6253975423
6254046643
6255698270
6260684340
6262438453
6264278189
6269032222
6272303177
6274256005
6291182341
6292710714
6292765665
6292856411
6294509053
6295886909
6296122598
6296312374
6296433042
6301871479
6314943595