5778817482
5780613860
5792016800
5800146229
5800202599
5807733379
5818423673
5881897971
5882090857
5926521903
5926659693
5930209486
5930328885
5931985353
5932072574
5944727030
5963977839
5964092808
5965532499
5971388419
5982478731
5982525102
5989118719
5989186090
5999726166
6001026954
6003817025
6003972570
6077139580
6077183859
6079100944
6079209111
6101271546
6101435580
6103112792
6124057721
6125996184
6126092366
6128563302
6128624048
6129997794
6130182512
6131631709
6133023356
6133075068
6141993360
6142122522
6143631397
6145429738
6153929697
6154046685
6164354155
6338631479
6338753937
6342254041
6342784660
6343955409
6344009916
6345735778
6347629730
6349508301
6351210581
6351494769
6351664280
6358711063
6367807103
6367897376
6369607887
6371069896
6440951394
6441125886
6445926299