5776852675
5776895141
5778733745
5780487848
5792076026
5807779072
5818463080
5881971829
5930247995
5931907689
5937276693
5937409337
5943215163
5943290507
5944785582
5947921877
5947984250
5948043474
5960333736
5960390171
5965581291
5969831911
5969883939
5969894322
5971443120
5976531425
5976634092
5982439586
5989044969
5993209556
5993267726
5998126239
5998183380
5998224254
5999791689
6001076735
6003778702
6003863417
6003930386
6080001045
6080048932
6080339905
6080395234
6080459928
6101346081
6101490646
6103022555
6124120747
6124191740
6125870326
6130260292
6131708295
6132956593
6142062078
6143699219
6145287019
6151290800
6151383558
6152644316
6152707220
6153990119
6157398889
6157508495
6157590285
6164440873
6342155386
6342645536
6345795075
6345852413
6347706074
6349582220
6351279095
6351579799
6351753533
6358802844
6358900044
6358912024
6367720960
6369539260
6369655877
6371012038
6380347148
6380457853
6383609197
6383680336
6392793741
6392833283
6392915248
6393004100
6394870488
6394942076
6395023216
6437331688
6437388728
6437468177
6439095642
6439196641
6440698507
6440763394