5774259019
5778410901
5778747494
5780174979
5834223297
5838243800
5840432321
5840596666
5844484492
5861893449
5863431575
5868198953
5869868300
5869996090
5878395551
5882063394
5888355860
5890050176
5890240020
5893356160
5895246595
5895387228
5895700637
5903361741
5905206453
5905284261
5946184008
5956818499
5976492200
5991716250
5991778690
5994689760
6010182120
6010307175
6013367265
6014747458
6014803125
6019724565
6019777735
6019845440
6022762549
6022802265
6066006419
6067481477
6067538339
6067770560
6067842155
6067910553
6084666103
6084805240
6084946069
6086098668
6086249279
6087728108
6087965968
6088031084
6089224042
6089299811
6090584058
6090635629
6090745950
6090806746
6095370494
6095427459
6096900867
6098457768
6098583091
6099865975
6099916968
6101162515
6102903937
6102967409
6102988205
6107252065
6107401103
6110291259
6110410307
6116669348
6116819504
6116891106
6117999206
6119748026
6119831000
6120813441
6120884062
6122219374
6122269808
6125454928
6129954886
6130002428
6132853045
6132914760
6132978077
6134626402
6135985807
6136055119
6160020711
6160081364
6160135912