5771461270
5771516409
5774319503
5777025697
5777078614
5778459261
5778682335
5780224678
5780703933
5780805126
5834321318
5834394754
5836466987
5836564784
5838318858
5840517115
5842162491
5842242943
5842302989
5844402745
5860075968
5860179780
5860268385
5860279735
5861948828
5862005640
5863379535
5863551213
5863607590
5864874863
5864915751
5864955923
5868128697
5870052978
5878315599
5881978903
5882147397
5888288471
5889911994
5889994322
5890167293
5893299059
5893465610
5893519396
5893573006
5895314378
5895611559
5899518602
5899604520
5903295280
5905104382
5946124462
5956869134
5961770014
5961836922
5969735446
5969784618
5976561964
5994628402
6010236302
6010382782
6013433920
6014892242
6014958591
6019905657
6065946205
6066057020
6084705404
6084873346
6086136457
6086190911
6086289915
6087670977
6096841166
6098511176
6101225734
6107300063
6107453149
6110351056
6110471937
6116736309
6118047527
6125520822
6134551467
6164104728
6195696160
6197266781
6197449988
6197670407
6200126230
6200209858
6304561016
6312260563
6315269217
6321319614
6342784660
6344309551
6347498785
6347554749
6347947115