5815364634
5847290036
5847436254
5860790319
5861172088
5943851198
5943951902
5950735072
5962849721
5962951114
5963045891
5984954433
5985070231
5989881522
5989931382
6000502595
6006082395
6013796437
6014223099
6015654212
6045945212
6046161478
6046483211
6077881639
6079318907
6082238182
6082512086
6082678236
6120366318
6121750657
6122872235
6124524416
6124646704
6145473556
6145926146
6147410481
6148733792
6150552171
6154267880
6156066114
6157810302
6158010330
6158170178
6169613197
6170462486
6170557905
6171980397
6299231379
6299345992
6309665349
6315784738
6321618650
6324262184
6325930436
6330196585
6332020917
6366390499
6426624259
6428594056