5815428367
5839494177
5839623093
5847369576
5860630878
5861055583
5944047336
5950867711
5978762283
5978862336
5978965744
5984864022
5989792474
6000564310
6000614537
6005981903
6013913712
6014035506
6014125480
6014291170
6015729508
6044800348
6044920853
6046061195
6046569234
6077992719
6079411610
6080708496
6080808402
6082397383
6082594060
6120297187
6121812945
6121882457
6122974084
6145586856
6146007915
6147522882
6148588387
6150472739
6154175643
6156190097
6157905423
6158081326
6169661277
6170364481
6171891378
6173246264
6173366796
6309757869
6315911914
6316023937
6318591809
6318723406
6321792491
6324119490
6324396656
6326070209
6330341716
6331531733
6331667251
6331896376
6332139754
6332245360
6366259080
6378554953
6378692936
6385715357
6385842488
6389143191
6389540059
6389594620
6389696277
6426514518
6428340690
6428490114