5796660068
5808624115
5812244062
5812367263
5812483306
5849116917
5855716726
5855826760
5861423846
5940316763
5941839115
5948486847
5975128197
5981602604
5981695119
5981781661
5982831921
5982906560
5989556583
5990790517
5992539304
5992627361
5993707971
5998535155
6001139487
6003151774
6004322727
6018644513
6019956492
6021992480
6022084177
6026329775
6026660506
6029795129
6031046560
6035584181
6035690975
6057150378
6058468809
6058592191
6059988105
6060281684
6060523770
6119815192
6121456750
6121651009
6124901372
6126559805
6126641848
6126723290
6126777883
6145699338
6147522882
6148833675
6150559260
6153147424
6154786603
6170759302
6170849397
6171542154
6172054123
6172154984
6173246264
6173366796
6174712950
6174888284
6212609431
6212664257
6212978366
6214292203
6215059388
6215521275
6216448394
6216828976
6221296920
6223390469
6223446359
6223756939
6225350158
6226709723
6227203516
6227419633
6303275067
6312803086
6318591809
6318723406
6323423190
6323562222
6325264009
6325361565
6330471200
6330680165
6331896376
6332139754
6332245360
6362662278
6362760250
6437700685
6439390776
6439531999