5776994855
5778733745
5800673863
5800820544
5800954445
5851654011
5860532027
5860650091
5868350862
5872346235
5884251753
5886563619
5888283490
5888345234
5888433100
5893654350
5893732912
5895868559
5915624630
5915726519
5915868132
5916999615
5917058918
5920714068
5920806694
5963901267
5965581291
5966933589
5966984671
5971437142
5974803487
5978081453
5979755799
5981217610
5981286393
5981342190
5984120012
5989044969
5993077709
5998126239
5998183380
5998224254
5998373046
6003877669
6003945534
6005454119
6008843170
6033763787
6035237462
6035334054
6102827038
6124120747
6124191740
6125535988
6125616660
6128872772
6129953426
6130055039
6132956593
6134576797
6142285280
6142377947
6145012604
6145077191
6145148401
6148402440
6148477384
6149717109
6150933024
6150981759
6151290800
6151383558
6157123663
6157204372
6157283010
6166205179
6167522570
6167756483
6212554150
6213155110
6213792328
6214107399
6214985832
6215228412
6215547680
6216649464
6339959321
6340052922
6340342317
6340422360
6342411440
6342521286
6344391402
6344947700
6347498785
6347554749
6356694527
6356868459
6363849521