5796724331
5808757680
5808831153
5822405090
5822521484
5822601915
5835584653
5835721732
5835798818
5849009897
5849235757
5855900204
5861243821
5861348663
5940129114
5941689002
5942003094
5942402971
5942484798
5948347704
5952853218
5964581547
5964685089
5964781161
5975250913
5982755965
5986352064
5986463007
5989448003
5990690956
5992443872
5993602874
5998632658
6001218699
6003064528
6004209289
6017341467
6017439584
6018831940
6018939054
6020037333
6020510148
6020619865
6020721562
6021740557
6021863942
6022190810
6026231485
6026755074
6027661945
6027769248
6028105868
6028212151
6029913487
6030085156
6030174579
6031206365
6031683231
6035455715
6036563229
6036636251
6054721399
6054789053
6058324141
6060129110
6060426279
6121564216
6121664243
6124806275
6145224414
6145324743
6145800049
6147410481
6148949678
6150473355
6153016177
6154881115
6154941567
6169097127
6169213827
6169342597
6170660632
6171471249
6174622195
6174804811
6212903550
6213850836
6213917770
6214196190
6215130639
6215413370
6216515491
6216750491
6219447985
6219497713
6219558229
6221203314