5776953333
5778817482
5803601537
5803690720
5814493118
5814546054
5851586190
5862150652
5862228085
5868433720
5872243272
5872460845
5884391001
5886436541
5888207352
5888510788
5891624838
5891679036
5891735843
5895631949
5895743576
5915088482
5915155650
5915332620
5915392078
5915536982
5916890798
5916941505
5917120517
5917193218
5963826842
5965532499
5971372153
5974631253
5974717775
5978027805
5979824549
5984061584
5984183444
5984232952
5984292086
5985740747
5985806877
5987535079
5987591218
5987647288
5989118719
5989186090
5991895999
5991946962
5993131275
5998306037
5998455657
5999526271
5999581275
6003824102
6005377926
6008794290
6033828511
6035159079
6102919239
6104485254
6104576783
6104648330
6124057721
6128973238
6129071917
6129106124
6130109755
6133023356
6133075068
6134509442
6142192633
6149648029
6165939871
6166089125
6167629553
6167888335
6212511010
6213087580
6213722366
6214018519
6214919117
6215316000
6215633233
6216583629
6220007628
6344525197
6344677114
6356788698
6369394437
6371219020
6381943953
6383860415
6385277874
6387274947
6387524749
6389777564
6389875977
6390481538