5793313982
5793380384
5803426701
5803481619
5814746947
5818636018
5863534506
5868272602
5870424188
5874402217
5882366507
5888207352
5892064828
5910938862
5911279219
5913646124
5915090628
5915136220
5915345931
5915422921
5915716111
5917003906
5917058856
5917120517
5917193218
5917274351
5917346943
5918832729
5918906877
5918982217
5920564188
5922512609
5922602670
5922679457
5960333736
5960390171
5967102246
5967166598
5968377101
5968424984
5968471026
5969989824
5970048814
5971185092
5971241473
5974631253
5974717775
5976234569
5976320985
5976392799
5976531425
5976634092
5982601163
5982664511
5985895694
5985978459
5987377101
5987437349
5987535079
5987591218
5987647288
5988891701
5988951367
5990263422
5990309919
5990354413
5990418464
5991708740
5991768503
5991826725
5993209556
5993267726
5999526271
5999581275
5999641847
6003682379
6003725806
6007490054
6023084699
6023556932
6023673163
6023755332
6023821096
6024546902
6024639368
6024739769
6024827482
6026468379
6026574176
6026757158
6027661945
6027769248
6028187182
6028286082
6029392023
6029511003
6029614145
6029691087
6030875673
6030936024