5814679422
5818562596
5860532027
5860650091
5863477251
5863619259
5868102481
5868169129
5870302318
5874494532
5874573726
5882503842
5888283490
5888345234
5891954962
5911032765
5911183098
5912941693
5913013389
5913253454
5913341774
5913525580
5915537315
5915595819
5915824015
5920638214
5971296997
5974803487
5990466771
5999723508
5999785840
6007393606
6007589744
6023208208
6026675519
6038753175
6102827038
6103112792
6128743223
6128806431
6130055039
6131576475
6133256006
6133329534
6145012604
6145077191
6146769654
6151068825
6166205179
6167522570
6167756483
6212599176
6212904276
6212993517
6213620610
6213874030
6214292203
6215020578
6215417951
6216733293
6220901992
6222200561
6222256714
6222355816
6223515865
6223583227
6225051773
6336705973
6336834204
6338294999
6338631479
6338753937
6340547476
6346002235
6346105110
6347822473
6348065069
6349508301
6358357207
6358419678
6363849521
6363898944
6368056104
6368268407
6376192769
6380014551
6380213802
6385145078
6387119036
6388750706
6388918238
6392530255
6446306916